142 S 3 11.025   4.871   0.160
143 V 1  9.952   7.763  -2.125
144 G 4  8.368   4.823  -4.003
147 M 1  4.696   8.465  -5.391
149 L 1  6.845   4.892 -10.564
152 N 3  7.394  -0.619 -10.226
155 Y 3  6.923  -2.595  -5.550
185 C 3 14.936   7.175   1.208
186 G 4 15.532   7.818  -2.508
187 P 1 17.855   5.625  -4.572
192 F 1 19.001  -3.613  -4.107
193 M 1 18.666  -2.704  -7.750
218 Y 3 12.409   3.386 -18.180
221 H 3 16.164   6.563 -17.341
222 S 3 16.649   4.763 -14.018
225 V 1 18.443   8.564 -11.840
259 F 1 11.985  14.693  -4.509
262 L 1  7.456  16.258  -7.132
279 M 1  6.434  11.881 -14.028
282 E 2 10.655  12.932 -16.619
   9 G 4 18.051  -7.229   6.714
  10 C 3 21.652  -6.572   7.700
  11 S 3 23.632  -8.613   5.123
  12 S 3 24.082  -5.417   3.065
  13 G 4 22.962  -1.857   2.371
  14 I 1 21.065   0.299   4.872
  15 G 4 20.787  -2.443   7.492
  36 L 1 20.001 -11.513   8.524
  37 R 2 17.847 -13.806   6.381
  38 D 2 20.834 -16.125   5.996
  41 T 3 26.167 -14.058   4.337
  64 L 1 15.786 -13.813  11.074
  65 D 2 13.749 -14.524   7.956
  66 V 1 10.738 -12.135   7.944
  67 R 2  8.493 -14.567   5.933
  90 N 3 14.423  -2.637   7.110
  91 A 1 14.228  -5.856   5.148
  92 G 4 12.779  -5.295   1.662
  93 L 1 12.653  -6.493  -1.961
113 V 1  8.345  -9.707   2.620
140 T 3 12.996   2.001   6.206
141 G 4 10.761   3.973   3.851
159 K 2  5.900   0.544  -0.187
188 V 1 20.630   4.149  -2.397
190 T 3 23.152  -1.038  -2.104
191 A 1 22.705  -3.783  -4.760
195 K 2 18.746  -7.927  -8.157
226 F 1 20.621   6.145  -9.867
  94 G 4 12.235  -4.847  -5.329
  95 L 1 10.206  -6.019  -8.297
110 V 1  7.165  -8.887  -2.605
114 N 3  7.752  -5.964   2.390
145 G 4  5.831   4.545  -1.113
146 L 1  4.948   8.258  -1.554
153 D 2  3.640  -1.184  -9.854
154 V 1  3.836  -3.971  -7.258
156 C 3  5.193   0.809  -5.111
157 A 1  2.049  -1.074  -4.061
158 S 3  4.127  -2.681  -1.314
160 F 1  2.641   2.546  -0.113
163 E 2  2.949   3.940   4.681
183 I 1 12.924   6.969   7.094
184 E 2 12.086   8.074   3.530
