  14  4 47.297 -3.124 21.673
  15  1 48.890 -6.527 22.166
  16  4 50.774 -5.660 25.364
  17  2 48.000 -6.147 27.923
  18  4 44.442 -7.348 28.422
  19  1 42.242 -8.488 25.570
  20  4 44.937 -7.862 23.009
  37  1 51.849 -4.186 18.012
  38  3 51.871 -2.283 21.289
  39  2 53.063  0.915 22.967
  40  3 55.232 -0.358 25.854
  43  2 55.141 -5.983 27.393
  59  1 54.890  2.040 18.270
  60  2 52.512  4.657 19.606
  61  1 49.489  4.190 17.324
  62  4 48.321  7.742 18.033
  83  3 42.241 -3.550 19.597
  84  1 44.352 -0.650 20.956
  85  1 42.349  2.045 22.748
  86  1 42.692  4.346 25.724
102  2 44.371 11.711 22.039
106  1 44.403  6.259 19.174
134  1 37.155 -4.076 19.165
135  3 34.387 -1.714 20.108
136  3 32.332 -1.529 23.301
137  1 28.723 -1.789 24.405
149  3 35.493  7.259 24.722
153  2 33.149  3.738 19.801
179  1 31.877 -6.104 25.315
180  3 30.579 -4.818 28.626
181  1 33.088 -4.253 31.456
182  1 35.973 -6.790 31.411
184  3 41.577 -5.807 32.609
185  2 43.448 -2.637 33.586
186  1 40.885 -0.618 31.636
187  4 37.870 -2.371 33.166
190  1 36.341  2.371 34.675
138  1 29.134  1.967 25.013
143  1 28.267  5.221 30.820
146  1 33.006  8.051 29.247
